rgtarmUl = [2.094395, -0.300197, 3.176499, 1.047198, 0.523599, 3.141593];
rgtarmUl = rgtarmUl*180/3.14159
rgtarmLl = [-1.605703, -3.141593, -2.129302, -0.820305, -0.523599, -3.141593];
rgtarmLl = rgtarmLl*180/3.14159
lftarmUL = [1.605703, -0.300197, 2.129302, 0.820305, 0.523599, 3.141593];
lftarmUL = lftarmUL*180/3.14159
lftarmLl = [-2.094395, -3.141593, -3.176499, -1.047198, -0.523599, -3.141593];
lftarmLl = lftarmLl*180/3.14159